Measuring Tool:  OSMS face-up 
Mirror Designation:  COSMIC-U M2 PreMirror
File Location:  D:\ALS-U\COSMIC\COSMIC_M2premirror\DataAndAnalysis\COSMIC-U_M2_IntegratedHeight.dat
Processing Date:  Tue 28 Apr 2026 10:52:05
MirrorLength =  310. mm
Number of data:  1551
Original Data:  *\ScanDataFiles\OSMS face-up \
Measurement Date:  
History:   
History:   
History:  HistoryC 

Data Type:  Height
Step size:  0.2
X unit:  mm
Z unit:  nm
Specified Peak to Valley in microrad:  
Specified Root Mean Square in microrad:  1.1 nm rms
Specified Clear Aperture in mm:  310




Source to mirror center in meters:  
Center to focus in meters:  
Grazing Incidence Angle in radians:  
Normal Incidence Angle in degrees:  
Tangential Surface Shape:  Flat
Orientation:  Direct
Clear aperture first point number:  1
Clear Aperture last point number:  1551
Clear aperture center point number:  776
Face up or face down:  up










*Data starts.
-155.	-0.516658294429361
-154.8	-0.5930002229257229
-154.6	-0.5399780276906461
-154.4	-0.4482497495108284
-154.2	-0.3607556934222342
-154.	-0.28140828639204196
-153.8	-0.20949463844441196
-153.6	-0.14238824296831598
-153.4	-0.0796489746103955
-153.2	-0.01945934998120894
-153.	0.04150791323157943
-152.8	0.10679024651840628
-152.6	0.17810021630826373
-152.4	0.25164353465840983
-152.2	0.33086744142047403
-152.	0.41691722661859476
-151.8	0.5101366216887573
-151.6	0.609733069891388
-151.4	0.7132935905082977
-151.2	0.8200933949041933
-151.	0.9254580851644667
-150.8	1.031700881301382
-150.6	1.141329523517996
-150.4	1.2535775352783072
-150.2	1.3674283406823144
-150.	1.4809024526821137
-149.8	1.5941158593857598
-149.6	1.7071120576223642
-149.4	1.822201563119282
-149.2	1.938004313192831
-149.	2.0508739434179364
-148.8	2.1604979364565082
-148.6	2.270343201015687
-148.4	2.383661113151368
-148.2	2.4963313596874377
-148.	2.6075307822058775
-147.8	2.721825651539727
-147.6	2.8351914439324646
-147.4	2.9454555027009874
-147.2	3.0564895522416875
-147.	3.166559385794673
-146.8	3.2759628561891576
-146.6	3.386523782227777
-146.4	3.4952067271560545
-146.2	3.603007910526308
-146.	3.709524348608374
-145.8	3.8148234240126193
-145.6	3.919681406229895
-145.4	4.023657130549002
-145.2	4.129468521683508
-145.	4.234737556345408
-144.8	4.337842444171279
-144.6	4.443978670127852
-144.4	4.55476608293417
-144.2	4.664506422326469
-144.	4.775109752164523
-143.8	4.886883678056316
-143.6	4.996035809154366
-143.4	5.101947318911556
-143.2	5.206499346297282
-143.	5.31216837561194
-142.8	5.418672144923016
-142.6	5.528183491344558
-142.4	5.63562840017435
-142.2	5.740606950812429
-142.	5.8450504114063015
-141.8	5.944865426469643
-141.6	6.041577382791077
-141.4	6.13542495580465
-141.2	6.224722369226692
-141.	6.312236342155096
-140.8	6.399430449308442
-140.6	6.4868070598844865
-140.4	6.577120772497079
-140.2	6.670253658600049
-140.	6.763738547553565
-139.8	6.858939460818546
-139.6	6.957227035334136
-139.4	7.0541520373541955
-139.2	7.146929025944278
-139.	7.236553346999311
-138.8	7.325390859068592
-138.6	7.4128145464614565
-138.4	7.499212502426735
-138.2	7.587106968114905
-138.	7.675810404499439
-137.8	7.763825643138873
-137.6	7.852730823294904
-137.4	7.942404609671495
-137.2	8.028969500564035
-137.	8.113758103230838
-136.8	8.198595865082082
-136.6	8.28003010146868
-136.4	8.359895808000037
-136.2	8.440415818015994
-136.	8.519358132933792
-135.8	8.60056646144594
-135.6	8.687078651784255
-135.4	8.77489990855858
-135.2	8.864327806312026
-135.	8.95581379644231
-134.8	9.049843654285066
-134.6	9.144315451841711
-134.4	9.234244228809109
-134.2	9.322713746452692
-134.	9.41001793045902
-133.8	9.495185509090271
-133.6	9.57932665946383
-133.4	9.661839709172519
-133.2	9.74503847638179
-133.	9.828369114593375
-132.8	9.91235813703197
-132.6	9.998816218518705
-132.4	10.086948001479389
-132.2	10.175549321136007
-132.	10.261521501534013
-131.8	10.344807530901972
-131.6	10.428033614382695
-131.4	10.511640004371559
-131.2	10.594883032114817
-131.	10.680976017173366
-130.8	10.769259657568877
-130.6	10.85578141871957
-130.4	10.942456735329454
-130.2	11.030622567698948
-130.	11.115637126975647
-129.8	11.200305591605545
-129.6	11.287269183444144
-129.4	11.371575802572137
-129.2	11.4555837734542
-129.	11.543009641568714
-128.8	11.631022398239443
-128.6	11.7183211422952
-128.4	11.808535829032461
-128.2	11.89619350467509
-128.	11.982750317568614
-127.8	12.06986217351804
-127.6	12.152891033344126
-127.4	12.231852662060932
-127.2	12.306961214455272
-127.	12.381846991694944
-126.8	12.458092854544006
-126.6	12.53604665812937
-126.4	12.614814835250636
-126.2	12.693435587043412
-126.	12.771912323916874
-125.8	12.849708995274442
-125.6	12.924397253464493
-125.4	12.999168640806284
-125.2	13.077152144907819
-125.	13.157805445671563
-124.8	13.239453084615434
-124.6	13.320936680169197
-124.4	13.40502280688005
-124.2	13.489977581420616
-124.	13.575929487963835
-123.8	13.6622210526159
-123.6	13.74850098134086
-123.4	13.835772750799482
-123.2	13.919020972252353
-123.	14.001024547853115
-122.8	14.084181780942671
-122.6	14.165805636236747
-122.4	14.248942590954192
-122.2	14.33167026358771
-122.	14.411892858554916
-121.8	14.495932083812434
-121.6	14.584220526985648
-121.4	14.673157415429616
-121.2	14.761434581257939
-121.	14.846507712586673
-120.8	14.927494631292467
-120.6	15.007841014093783
-120.4	15.08883584596743
-120.2	15.169842367190817
-120.	15.253220212541553
-119.8	15.335453708007591
-119.6	15.415643535812187
-119.4	15.49630031794645
-119.2	15.5767398713263
-119.	15.657191374764398
-118.8	15.738024659811659
-118.6	15.819448044190228
-118.4	15.899363481163078
-118.2	15.97866155003382
-118.	16.054750301568035
-117.8	16.126889667553996
-117.6	16.200834690912817
-117.4	16.274532842488142
-117.2	16.34548150788446
-117.	16.416269580734227
-116.8	16.488727141876417
-116.6	16.562361052438334
-116.4	16.63474392967792
-116.2	16.706007774960405
-116.	16.777352906969256
-115.8	16.847160598095826
-115.6	16.915524245211067
-115.4	16.98487836869856
-115.2	17.054995059401982
-115.	17.12381080326795
-114.8	17.194995248472395
-114.6	17.270434655245694
-114.4	17.345034488686576
-114.2	17.421596353695737
-114.	17.500644552924243
-113.8	17.576831557483224
-113.6	17.65074208631863
-113.4	17.722539617415237
-113.2	17.79428763202923
-113.	17.868072859127757
-112.8	17.941416042954152
-112.6	18.013466858768172
-112.4	18.084107549352655
-112.2	18.155339483120038
-112.	18.22763318911491
-111.8	18.298386087707836
-111.6	18.3685472866041
-111.4	18.441816394007443
-111.2	18.516084223933156
-111.	18.588244408681582
-110.8	18.659606045446953
-110.6	18.731260836722825
-110.4	18.80377639749634
-110.2	18.878810252987066
-110.	18.955821403414227
-109.8	19.033529072079848
-109.6	19.11211365537525
-109.4	19.19240099049649
-109.2	19.273137888115457
-109.	19.35111713216915
-108.8	19.426149217274066
-108.6	19.500360093778927
-108.4	19.573419712589562
-108.2	19.643143383208898
-108.	19.71147086262806
-107.8	19.781485183581633
-107.6	19.853627264452793
-107.4	19.92825813258456
-107.2	20.006419842191132
-107.	20.08502068340001
-106.8	20.16133013658417
-106.6	20.23519325502728
-106.4	20.309413669528084
-106.2	20.38240792462786
-106.	20.4520444979298
-105.8	20.518973167482198
-105.6	20.5824829081164
-105.4	20.645840113079586
-105.2	20.71305709029881
-105.	20.78247356066624
-104.8	20.850222408038253
-104.6	20.91940713820946
-104.4	20.989026328114807
-104.2	21.057045568515438
-104.	21.123716636506003
-103.8	21.188712817197825
-103.6	21.25931138584374
-103.4	21.33386357879586
-103.2	21.40749933205508
-103.	21.47992020553714
-102.8	21.55224938584633
-102.6	21.623314959218114
-102.4	21.68985869646838
-102.2	21.752828511094634
-102.	21.812932722664613
-101.8	21.87225003728898
-101.6	21.9311894935997
-101.4	21.991306325329404
-101.2	22.05424857530734
-101.	22.117179011219424
-100.8	22.182769521247547
-100.6	22.253107357765202
-100.4	22.324353570238916
-100.2	22.395192619117765
-100.	22.466997919581058
-99.8	22.542234269063115
-99.6	22.61747810190434
-99.4	22.689975877054067
-99.2	22.75898794494421
-99.	22.82591835289708
-98.8	22.891168268200673
-98.6	22.955044407052874
-98.4	23.021773416260746
-98.2	23.088390861867378
-98.	23.152928931515568
-97.8	23.221656317124324
-97.6	23.29350015083607
-97.4	23.363671438329813
-97.2	23.4332179019142
-97.	23.50031699174054
-96.8	23.566102103376025
-96.6	23.631475666184325
-96.4	23.696059678238502
-96.2	23.765342240707344
-96.	23.837774059012027
-95.8	23.90823085455636
-95.6	23.978238466729877
-95.4	24.050189097067328
-95.2	24.124517899100415
-95.	24.198178335976884
-94.8	24.26885999300051
-94.6	24.33888071985466
-94.4	24.407837676318497
-94.2	24.476196349391273
-94.	24.541701949980926
-93.8	24.60520532997929
-93.6	24.67004845688959
-93.4	24.736636327727243
-93.2	24.806349405679047
-93.	24.877269688749
-92.8	24.947560290638958
-92.6	25.01689194795724
-92.4	25.084338494155187
-92.2	25.149684704609907
-92.	25.215002472713206
-91.8	25.28038930182586
-91.6	25.345703726317016
-91.4	25.411026979326984
-91.2	25.47690528464598
-91.	25.54343952848077
-90.8	25.612396767298574
-90.6	25.684199854612608
-90.4	25.756906684567582
-90.2	25.828816308460333
-90.	25.900563857076815
-89.8	25.974810698981074
-89.6	26.046847297642483
-89.4	26.1142146782954
-89.2	26.1824456590428
-89.	26.250615882682954
-88.8	26.315953588506478
-88.6	26.3809885163946
-88.4	26.44584047374092
-88.2	26.51010956697123
-88.	26.575844924635383
-87.8	26.644731833605473
-87.6	26.71473835999241
-87.4	26.78247405044063
-87.2	26.850765806844507
-87.	26.92202237966059
-86.8	26.99453174426757
-86.6	27.065334962290002
-86.4	27.1322251473285
-86.2	27.197895107241862
-86.	27.26540788693931
-85.8	27.333019412771176
-85.6	27.400263397664226
-85.4	27.47039936365279
-85.2	27.5469541518942
-85.	27.626938529331934
-84.8	27.706962826681753
-84.6	27.78929345391172
-84.4	27.870992677953886
-84.2	27.95090218713346
-84.	28.03320760694898
-83.8	28.11488251346527
-83.6	28.193873312868714
-83.4	28.269367821040667
-83.2	28.342199784751053
-83.	28.415971023447938
-82.8	28.486428209534026
-82.6	28.55460327126844
-82.4	28.62374727674507
-82.2	28.692557625111533
-82.	28.75980371919633
-81.8	28.824613488588646
-81.6	28.888485780122473
-81.4	28.951914235914376
-81.2	29.015211342640395
-81.	29.079975466261896
-80.8	29.144824825501104
-80.6	29.208407557728346
-80.4	29.269399330560557
-80.2	29.328086997737195
-80.	29.385889264813937
-79.8	29.44481299154872
-79.6	29.503493265283904
-79.4	29.561304633894473
-79.2	29.62164054737456
-79.	29.68217848292072
-78.8	29.74173596012421
-78.6	29.801920876467676
-78.4	29.863667551289947
-78.2	29.926589090123038
-78.	29.986532374846426
-77.8	30.045013896227907
-77.6	30.105375399659703
-77.4	30.164501719444168
-77.2	30.222042029621985
-77.	30.27723280901071
-76.8	30.3320287475136
-76.6	30.389248395380015
-76.4	30.450211410015708
-76.2	30.512783863145273
-76.	30.573873466831248
-75.8	30.637249690203866
-75.6	30.702919648102412
-75.4	30.768725009634952
-75.2	30.835565261397626
-75.	30.9014048047038
-74.8	30.967813704722662
-74.6	31.036257179965148
-74.4	31.10415450598615
-74.2	31.17348555200968
-74.	31.241337270449247
-73.8	31.30774346965703
-73.6	31.373462117782726
-73.4	31.439039460920064
-73.2	31.50576578367251
-73.	31.57079988254026
-72.8	31.63802442220124
-72.6	31.709115150939137
-72.4	31.77866759775093
-72.2	31.846850723987156
-72.	31.918273073440325
-71.8	31.990992267514542
-71.6	32.06281354111904
-71.4	32.13449425976755
-71.2	32.20334414215418
-71.	32.269224841672376
-70.8	32.33442408273587
-70.6	32.3979055353113
-70.4	32.45901652215435
-70.2	32.5196755123373
-70.	32.58141940363626
-69.8	32.644109717425074
-69.6	32.70729255231529
-69.4	32.769194321286975
-69.2	32.82911000098741
-69.	32.88653716189976
-68.8	32.9452854429261
-68.6	33.00741095185867
-68.4	33.06716280542721
-68.2	33.12531470282079
-68.	33.183841665540214
-67.8	33.24023108386771
-67.6	33.297444616504094
-67.4	33.35362922271828
-67.2	33.40654008461068
-67.	33.46147363648848
-66.8	33.51629885929531
-66.6	33.569985022567295
-66.4	33.62580437289865
-66.2	33.685724696028124
-66.	33.745871969119136
-65.8	33.80362468805357
-65.6	33.86318369619326
-65.4	33.923367662452186
-65.2	33.98332514336306
-65.	34.04207348251708
-64.8	34.09812715058234
-64.6	34.154420834538556
-64.4	34.20958664454988
-64.2	34.264328452952135
-64.	34.32123437530898
-63.8	34.37710580441608
-63.6	34.433247937520676
-63.4	34.49331539960955
-63.2	34.556081431738335
-63.	34.6172577136884
-62.8	34.675851663448775
-62.6	34.73282411219678
-62.4	34.78932832481841
-62.2	34.84535685597483
-62.	34.901851395645245
-61.8	34.96254128293901
-61.6	35.02723604925461
-61.4	35.09443774134372
-61.2	35.164557003157604
-61.	35.23461043906417
-60.8	35.30275375690164
-60.6	35.368993755049246
-60.4	35.43409472591469
-60.2	35.49831058260673
-60.	35.56112455109138
-59.8	35.62163699761987
-59.6	35.67915684060973
-59.4	35.736178916229925
-59.2	35.79269533807331
-59.	35.84711597743761
-58.8	35.89905026519365
-58.6	35.95027440023162
-58.4	36.00279408145637
-58.2	36.05463103524392
-58.	36.10451847398282
-57.8	36.155374065835254
-57.6	36.20771167646913
-57.4	36.26054381899746
-57.2	36.31538627927818
-57.	36.36945994314396
-56.8	36.419287081943274
-56.6	36.468808430015216
-56.4	36.51958566914273
-56.2	36.57077815879845
-56.	36.62597745314862
-55.8	36.682134849779935
-55.6	36.735747396335555
-55.4	36.78666973878663
-55.2	36.83603255056411
-55.	36.88269303062344
-54.8	36.92762982630973
-54.6	36.97354691117338
-54.4	37.01950832660597
-54.2	37.065688946390566
-54.	37.11168416433392
-53.8	37.156182581160024
-53.6	37.20029775969295
-53.4	37.243925003537115
-53.2	37.287020852564645
-53.	37.33251062984881
-52.8	37.37630745385045
-52.6	37.41898261048746
-52.4	37.464482695380255
-52.2	37.50941405401582
-52.	37.5538700163538
-51.8	37.59826033345834
-51.6	37.63984455959184
-51.4	37.68004311418992
-51.2	37.71940735343416
-51.	37.758843882533206
-50.8	37.79896012017105
-50.6	37.84087896222106
-50.4	37.88461484399072
-50.2	37.93411191563247
-50.	37.98994124729349
-49.8	38.046064463024
-49.6	38.10064670184547
-49.4	38.15483485671554
-49.2	38.21173798738905
-49.	38.266923406494584
-48.8	38.3196377242894
-48.6	38.37315539304786
-48.4	38.424291177739136
-48.2	38.46981336632477
-48.	38.510346229306
-47.8	38.54840434081354
-47.6	38.58538947660396
-47.4	38.625053634499004
-47.2	38.67034742934328
-47.	38.72188381837667
-46.8	38.77759853356719
-46.6	38.83506232615507
-46.4	38.89237171460202
-46.2	38.94772885567945
-46.	39.00092804628337
-45.8	39.05141270906911
-45.6	39.10273985001961
-45.4	39.15445676022527
-45.2	39.20287840738091
-45.	39.248806696637615
-44.8	39.296162220594404
-44.6	39.34545170186315
-44.4	39.39578920362934
-44.2	39.445855883804875
-44.	39.492558753720026
-43.8	39.53614427126578
-43.6	39.57985872973398
-43.4	39.62633746207294
-43.2	39.67167252244959
-43.	39.71547677079111
-42.8	39.759570668769626
-42.6	39.80319653112655
-42.4	39.84800196052531
-42.2	39.89533440800051
-42.	39.94401251066873
-41.8	39.993426336687385
-41.6	40.045090156980315
-41.4	40.09906019032443
-41.2	40.1508179856238
-41.	40.19805299527898
-40.8	40.242539670431825
-40.6	40.28499757821125
-40.4	40.32549463570013
-40.2	40.366026494856726
-40.	40.4064753867605
-39.8	40.44444689237073
-39.6	40.482545063337966
-39.4	40.52003942696597
-39.2	40.55777022849755
-39.	40.597096461432336
-38.8	40.63753277627529
-38.6	40.67814536105307
-38.4	40.71960851449241
-38.2	40.76244584464272
-38.	40.80398553738051
-37.8	40.84602424779751
-37.6	40.8882090960839
-37.4	40.92971576617036
-37.2	40.97195938023263
-37.	41.01536294580181
-36.8	41.05897355238007
-36.6	41.10337423556942
-36.4	41.14813091480143
-36.2	41.19053640752094
-36.	41.23095971033681
-35.8	41.274798314150125
-35.6	41.32219945669203
-35.4	41.36696896117496
-35.2	41.411551874580816
-35.	41.45710940950112
-34.8	41.50189331208804
-34.6	41.545259228305774
-34.4	41.588259130710405
-34.2	41.63384953808739
-34.	41.67800015744285
-33.8	41.71764530664454
-33.6	41.758605869808065
-33.4	41.80368757549715
-33.2	41.84610651277527
-33.	41.88484843414389
-32.8	41.9237193781043
-32.6	41.96366655325049
-32.4	42.004734139201545
-32.2	42.046671460691584
-32.	42.086452773362
-31.8	42.12606929168004
-31.6	42.16909170404913
-31.4	42.21234137634248
-31.2	42.25353601127313
-31.	42.293320330564526
-30.8	42.33239591077012
-30.6	42.372002903792826
-30.4	42.41192798728303
-30.2	42.45279563405024
-30.	42.49338161518438
-29.8	42.53315305645036
-29.6	42.572136390868714
-29.4	42.60743030853252
-29.2	42.64209479766061
-29.	42.67713169816058
-28.8	42.709055028640485
-28.6	42.74096006791734
-28.4	42.77381235556752
-28.2	42.8076022007475
-28.	42.84572356373089
-27.8	42.88405111418132
-27.6	42.9206409407112
-27.4	42.95829439264578
-27.2	42.9964973905447
-27.	43.03411724315524
-26.8	43.071995749654356
-26.6	43.11180046925833
-26.4	43.15064310110877
-26.2	43.18637142219616
-26.	43.22394694948671
-25.8	43.26226129982089
-25.6	43.301624519240654
-25.4	43.344230501243125
-25.2	43.386521795938
-25.	43.42837628153818
-24.8	43.47124593493899
-24.6	43.51161646975257
-24.4	43.54862381327774
-24.2	43.585693826776335
-24.	43.623868600979996
-23.8	43.662689135623744
-23.6	43.700215769163606
-23.4	43.73752043121307
-23.2	43.77390889401321
-23.	43.80567343533752
-22.8	43.83785504679692
-22.6	43.87080628211701
-22.4	43.900721095202
-22.2	43.93219494210436
-22.	43.96631521403161
-21.8	44.00005375259621
-21.6	44.03592217032645
-21.4	44.078497174092135
-21.2	44.12316895670267
-21.	44.16269568309461
-20.8	44.197371333411624
-20.6	44.22934937425479
-20.4	44.257961548698596
-20.2	44.2869251374092
-20.	44.316442028050474
-19.8	44.34423947336139
-19.6	44.37252468845457
-19.4	44.40173968020942
-19.2	44.428363951998946
-19.	44.45256630439818
-18.8	44.47883581627054
-18.6	44.50643279933629
-18.4	44.53434573928146
-18.2	44.56013739975411
-18.	44.58480873690827
-17.8	44.611356372009645
-17.6	44.63803099140975
-17.4	44.668779996221076
-17.2	44.70380510560567
-17.	44.735719845681764
-16.8	44.76473216204553
-16.6	44.79100422974657
-16.4	44.8154534790099
-16.2	44.84043601736464
-16.	44.86640281340416
-15.8	44.89278938453338
-15.6	44.92026629393017
-15.4	44.95164409350423
-15.2	44.984808593597336
-15.	45.01869964912027
-14.8	45.051441616823574
-14.6	45.08238222067995
-14.4	45.11415776028466
-14.2	45.14764861083008
-14.	45.18157756531633
-13.8	45.2137496373062
-13.6	45.246586781813235
-13.4	45.27904267717127
-13.2	45.31029938066892
-13.	45.34408447388709
-12.8	45.379163226555725
-12.6	45.413892578981645
-12.4	45.44827283312855
-12.2	45.48253012172396
-12.	45.51758813926998
-11.8	45.55024299238084
-11.6	45.57734953530441
-11.4	45.598920399867744
-11.2	45.6147879563809
-11.	45.62765591247949
-10.8	45.641492399742326
-10.6	45.656635417263246
-10.4	45.67145768957689
-10.2	45.68656724787719
-10.	45.69918483781656
-9.8	45.7082938263267
-9.6	45.71831423337372
-9.4	45.72896084115154
-9.2	45.74053620134425
-9.	45.75301190757955
-8.8	45.76344689426435
-8.6	45.77454607844663
-8.4	45.78861543190177
-8.2	45.80452437506624
-8.	45.821688367706614
-7.8	45.84060450772801
-7.6	45.86005630372698
-7.4	45.87877096960982
-7.2	45.89423116750039
-7.	45.908144059592004
-6.8	45.92185847505185
-6.6	45.93425925420817
-6.4	45.94599023698389
-6.2	45.95792319021942
-6.	45.97051569866256
-5.8	45.98243126095864
-5.6	45.991692930237434
-5.4	45.9996552422265
-5.2	46.00760989600234
-5.	46.012394519964616
-4.8	46.01721630357799
-4.6	46.023002374406964
-4.4	46.02745894234054
-4.2	46.031617052497275
-4.	46.03642599426213
-3.8	46.04218667417307
-3.6	46.049023065747775
-3.4	46.058326429997415
-3.2	46.07016454032805
-3.	46.08120172234914
-2.8	46.09276052205791
-2.6	46.10465547882071
-2.4	46.11431165692693
-2.2	46.12698169846588
-2.	46.139252554563406
-1.8	46.14877514859789
-1.6	46.161306069272385
-1.4	46.173751083845396
-1.2	46.186259884697094
-1.	46.20067726877572
-0.8	46.215820421254655
-0.6	46.23160132747568
-0.4	46.24867856964577
-0.2	46.26819878423226
0	46.286038483836236
0.2	46.301494151143416
0.4	46.31635466319966
0.6	46.33066662084635
0.8	46.344209140492026
1.	46.355083495449904
1.2	46.365651119146875
1.4	46.37953493264323
1.6	46.39375781423217
1.8	46.40648633369695
2.	46.42156915586982
2.2	46.439346558720494
2.4	46.4589663905938
2.6	46.47784961427544
2.8	46.49574027263856
3.	46.5134164149865
3.2	46.529754180858404
3.4	46.54432517959453
3.6	46.55755817353123
3.8	46.57039922075311
4.	46.57999564694163
4.2	46.58996867226528
4.4	46.60156112222584
4.6	46.60980663090162
4.8	46.61583428274548
5.	46.623111749582485
5.2	46.6330165191869
5.4	46.646183848603734
5.6	46.65894300826757
5.8	46.67075460061377
6.	46.68414314426777
6.2	46.6971123473481
6.4	46.707488584166654
6.6	46.71665109029264
6.8	46.72565548991225
7.	46.73231278177059
7.2	46.74075798898714
7.4	46.75196451832631
7.6	46.7643425223929
7.8	46.77741068656028
8.	46.79080275614546
8.2	46.80223811761416
8.4	46.81354355466523
8.6	46.823928105026695
8.8	46.830257418751565
9.	46.8343805350436
9.2	46.83773036681966
9.4	46.84218184887668
9.6	46.84563403177362
9.8	46.84733515184072
10.	46.846905507542054
10.2	46.845549883135725
10.4	46.843623112436255
10.6	46.84175697481715
10.8	46.8431040163973
11.	46.846664610847995
11.2	46.8494860769809
11.4	46.85445345056941
11.6	46.859110647213356
11.8	46.8609018714857
12.	46.86100546097187
12.2	46.86068143688706
12.4	46.86268689471617
12.6	46.86616256907122
12.8	46.86867432683965
13.	46.87145783800039
13.2	46.876172193953124
13.4	46.88027987997457
13.6	46.884773072214955
13.8	46.89154137938513
14.	46.90065214444414
14.2	46.909885786150674
14.4	46.91627826905707
14.6	46.92038173436192
14.8	46.92325087075585
15.	46.921436858066265
15.2	46.91619619689085
15.4	46.910362198809146
15.6	46.9017542557935
15.8	46.891266271968796
16.	46.88000484424544
16.2	46.86899610346794
16.4	46.85833465483705
16.6	46.84919612922878
16.8	46.84112862351524
17.	46.83450535372669
17.2	46.83033839115758
17.4	46.82815441547668
17.6	46.827384747674024
17.8	46.824898101974796
18.	46.82265139440816
18.2	46.82297406949249
18.4	46.82640485206544
18.6	46.82787910365648
18.8	46.82374697173139
19.	46.81841893571882
19.2	46.81241349207726
19.4	46.80321986493636
19.6	46.79332380412902
19.8	46.783494968657344
20.	46.77165886271132
20.2	46.76200446245815
20.4	46.75477754191229
20.6	46.74986700759665
20.8	46.74724768086016
21.	46.745506392155725
21.2	46.74550576042764
21.4	46.74447919276582
21.6	46.743147764711445
21.8	46.74008973217497
22.	46.7323672889883
22.2	46.72381599381936
22.4	46.716380092907784
22.6	46.70695963683205
22.8	46.69465374038461
23.	46.683318270954445
23.2	46.67479384651337
23.4	46.6669027064269
23.6	46.6579836944174
23.8	46.64777064549586
24.	46.637215920574
24.2	46.62511240563503
24.4	46.60931418596091
24.6	46.59217365422546
24.8	46.57302847174458
25.	46.54828424710977
25.2	46.52053217783198
25.4	46.49532721119647
25.6	46.47160582794876
25.8	46.45063512115395
26.	46.43569418625803
26.2	46.42450049517658
26.4	46.415632694631626
26.6	46.40639041586556
26.8	46.394602418629525
27.	46.38049615517492
27.2	46.3659451596939
27.4	46.34993654022103
27.6	46.33060417206366
27.8	46.311381160594
28.	46.29274841949035
28.2	46.27408169894162
28.4	46.2528099565486
28.6	46.22728939382305
28.8	46.19938413127122
29.	46.17098231580461
29.2	46.14473857163065
29.4	46.11776786297985
29.6	46.08704728375977
29.8	46.05444018904536
30.	46.020203341506736
30.2	45.984118653930395
30.4	45.950669640367536
30.6	45.92348516081635
30.8	45.898325122791334
31.	45.872493982091186
31.2	45.85064644015875
31.4	45.83058788751944
31.6	45.806448128558586
31.8	45.77846014118399
32.	45.75219633965312
32.2	45.72791557434131
32.4	45.70160944386866
32.6	45.67758061738207
32.8	45.65534646838157
33.	45.629675858845054
33.2	45.60341887597397
33.4	45.57776003815045
33.6	45.548630199588764
33.8	45.51827061057054
34.	45.489655563007815
34.2	45.46216532904955
34.4	45.43462492755414
34.6	45.405641796538305
34.8	45.37343170936288
35.	45.34141126280669
35.2	45.31345120905066
35.4	45.288280473512245
35.6	45.269733101754525
35.8	45.25852682620584
36.	45.247928222830716
36.2	45.23413033791188
36.4	45.21551360408813
36.6	45.193515579502666
36.8	45.17144329869851
37.	45.14635864894244
37.2	45.117322827031174
37.4	45.08430877213946
37.6	45.048487588559055
37.8	45.01243706751262
38.	44.974566597005406
38.2	44.93789992464434
38.4	44.90547277636347
38.6	44.87288204919539
38.8	44.84155845346443
39.	44.81138473838539
39.2	44.77914833390203
39.4	44.7449000823418
39.6	44.71091284799269
39.8	44.67654606443796
40.	44.63949345536577
40.2	44.60149454386695
40.4	44.562357651944986
40.6	44.52331336547303
40.8	44.483969417708906
41.	44.442259044871406
41.2	44.3976192012832
41.4	44.35139336454146
41.6	44.30553457685106
41.8	44.2609487903279
42.	44.21823257764022
42.2	44.17948712743479
42.4	44.144313796596315
42.6	44.112953098187575
42.8	44.08165106892533
43.	44.04898150993345
43.2	44.017990933284864
43.4	43.98814001970786
43.6	43.954956930231944
43.8	43.91741665465367
44.	43.882579197262096
44.2	43.847383376721005
44.4	43.80817515668158
44.6	43.76903198158956
44.8	43.73302166018655
45.	43.69697865647329
45.2	43.657749727107685
45.4	43.617426436326255
45.6	43.57714644946435
45.8	43.54115597412487
46.	43.50886988152683
46.2	43.47542414051508
46.4	43.44035941676152
46.6	43.4043338306214
46.8	43.366609841132295
47.	43.32592744066018
47.2	43.282422097320904
47.4	43.2389154288334
47.6	43.19943999187335
47.8	43.16249492929611
48.	43.1270881262545
48.2	43.09115891372663
48.4	43.05248697832625
48.6	43.01231434496817
48.8	42.97038234028667
49.	42.92447326105229
49.2	42.87840749670493
49.4	42.837017546805036
49.6	42.79648379741713
49.8	42.75272931056082
50.	42.70608914680851
50.2	42.66028402857855
50.4	42.61388104682861
50.6	42.56415743825657
50.8	42.51268330306044
51.	42.45920332363989
51.2	42.403453659846186
51.4	42.344601679443635
51.6	42.28438854381218
51.8	42.2245649671527
52.	42.164947796590845
52.2	42.10780393666394
52.4	42.05275480384211
52.6	42.0021036282735
52.8	41.952663432069436
53.	41.90049629995996
53.2	41.84838639723069
53.4	41.7967316649418
53.6	41.74465105049388
53.8	41.69412904999179
54.	41.64761100491519
54.2	41.60295407364233
54.4	41.55706236430735
54.6	41.51087982494894
54.8	41.46521078528192
55.	41.418799629648824
55.2	41.37219283474652
55.4	41.32464119198593
55.6	41.2756409913286
55.8	41.223694836989075
56.	41.17247977207622
56.2	41.12568888310909
56.4	41.08021118802919
56.6	41.03435264630448
56.8	40.98932432660758
57.	40.945935680133296
57.2	40.9022690435943
57.4	40.85799897399727
57.6	40.814015398367914
57.8	40.76785107858793
58.	40.71765775317067
58.2	40.66674540344858
58.4	40.61635939620151
58.6	40.56500975395636
58.8	40.51306286930512
59.	40.46316796749576
59.2	40.41193620201403
59.4	40.353762586232875
59.6	40.29350668324804
59.8	40.2339851436149
60.	40.17413985441164
60.2	40.113444315240756
60.4	40.04997094410081
60.6	39.98686949979228
60.8	39.92530816941369
61.	39.863929552365114
61.2	39.805530638058706
61.4	39.750601295371915
61.6	39.69610801211146
61.8	39.64050760197483
62.	39.585486881368794
62.2	39.528387954408664
62.4	39.46733731454423
62.6	39.404541533725016
62.8	39.34261243500242
63.	39.27982340169729
63.2	39.21459190126823
63.4	39.15253462101313
63.6	39.093131613051874
63.8	39.03464745141988
64.	38.97902885394964
64.2	38.92274851127765
64.4	38.865363191573444
64.6	38.806836231906104
64.8	38.74334850030841
65.	38.67918979666687
65.2	38.611763300622705
65.4	38.54159450573452
65.6	38.47639463487111
65.8	38.41518810145437
66.	38.35618552992895
66.2	38.299522896570515
66.4	38.246441173669396
66.6	38.1914012077774
66.8	38.13223158748005
67.	38.07156629224167
67.2	38.010549772485916
67.4	37.94882806888323
67.6	37.88501895150089
67.8	37.82041279630747
68.	37.75669880071592
68.2	37.69380356061286
68.4	37.63292299596094
68.6	37.57190761867095
68.8	37.50877722637756
69.	37.44404724958634
69.2	37.377868094847145
69.4	37.31136533875438
69.6	37.24509723282566
69.8	37.18043375652827
70.	37.11843369241335
70.2	37.06097032574342
70.4	37.00625780377179
70.6	36.95312887489128
70.8	36.90223453696549
71.	36.851531943863804
71.2	36.79859756333141
71.4	36.74504139396197
71.6	36.689543981397264
71.8	36.63077475566865
72.	36.5696082642034
72.2	36.50766026292063
72.4	36.44267124232513
72.6	36.37041633484263
72.8	36.29568253198874
73.	36.22178554126631
73.2	36.15046536596991
73.4	36.08363074199868
73.6	36.01750673687227
73.8	35.94850324890718
74.	35.88165802654811
74.2	35.81840997154727
74.4	35.75420727013489
74.6	35.68897878497811
74.8	35.6263887876317
75.	35.56679789885424
75.2	35.5070392313392
75.4	35.4452707195928
75.6	35.38152024617543
75.8	35.317672276968715
76.	35.25348567211718
76.2	35.18879094717195
76.4	35.12189379171068
76.6	35.051841798351525
76.8	34.97957320131995
77.	34.90841792643566
77.2	34.839329351847944
77.4	34.767562461991204
77.6	34.695972057241846
77.8	34.628341889960886
78.	34.563585432922864
78.2	34.49862914590705
78.4	34.43483102291476
78.6	34.37204667317343
78.8	34.30643605460509
79.	34.23697201218918
79.2	34.16732812810535
79.4	34.09826877839907
79.6	34.02689846974601
79.8	33.95450683836519
80.	33.88463318335575
80.2	33.81508656336169
80.4	33.744755417976535
80.6	33.67501038135749
80.8	33.60383982611473
81.	33.53272464249988
81.2	33.46284041904854
81.4	33.393311786709255
81.6	33.3250794095072
81.8	33.257138083659875
82.	33.18829669448933
82.2	33.12046501311442
82.4	33.05216528779103
82.6	32.983353679313645
82.8	32.91624085762356
83.	32.848272038876225
83.2	32.77974392744518
83.4	32.71316136420184
83.6	32.647639618528025
83.8	32.58391173398841
84.	32.52053932325078
84.2	32.4542623719154
84.4	32.38661004533751
84.6	32.31977988505705
84.8	32.25274190300255
85.	32.182102300538496
85.2	32.10781959188469
85.4	32.033727287684236
85.6	31.95797250681278
85.8	31.881281540095728
86.	31.805470330186164
86.2	31.72751103648378
86.4	31.648277909449067
86.6	31.568987649431275
86.8	31.48892576346879
87.	31.409393014854945
87.2	31.33213620401288
87.4	31.255809518518376
87.6	31.179597838847254
87.8	31.10537530280514
88.	31.02868386118044
88.2	30.94935974313626
88.4	30.8726496146175
88.6	30.797552694662553
88.8	30.72154805043819
89.	30.64525167540124
89.2	30.57138028854819
89.4	30.49836837300309
89.6	30.42429266620891
89.8	30.348814377147352
90.	30.270410828331304
90.2	30.19225775716135
90.4	30.11452892337438
90.6	30.03480264829929
90.8	29.954521436523752
91.	29.87400753661081
91.2	29.794812132348586
91.4	29.718826899155587
91.6	29.641883467343913
91.8	29.562566479891498
92.	29.48485771192237
92.2	29.408862101034085
92.4	29.333219885546754
92.6	29.258909504688166
92.8	29.18431618240897
93.	29.106618340134922
93.2	29.028797200686775
93.4	28.952186032380716
93.6	28.875987912383895
93.8	28.799340432421864
94.	28.72308462381143
94.2	28.648900677327795
94.4	28.574172980332428
94.6	28.497699578579255
94.8	28.421176480246608
95.	28.346445625962478
95.2	28.272672832420845
95.4	28.202875521027874
95.6	28.135256406253667
95.8	28.063757308150265
96.	27.990244449622757
96.2	27.916509927087123
96.4	27.839238026930396
96.6	27.75852413943162
96.8	27.678421218752078
97.	27.600349943437454
97.2	27.522506758267262
97.4	27.44436593514547
97.6	27.36889120517157
97.8	27.293530680245905
98.	27.214893529949943
98.2	27.134972150489297
98.4	27.05601786534934
98.6	26.976781850957774
98.8	26.895036991380426
99.	26.811325855797005
99.2	26.726861659106792
99.4	26.641621941901516
99.6	26.555911538396053
99.8	26.468815430964867
100.	26.380697223925633
100.2	26.291280028989807
100.4	26.199991680773095
100.6	26.108725601490782
100.8	26.0191241685455
101.	25.932713253089883
101.2	25.847446138398954
101.4	25.765439670061102
101.6	25.688909960426273
101.8	25.613415979819944
102.	25.536175325324677
102.2	25.457650911314207
102.4	25.37821596694151
102.6	25.29585024568987
102.8	25.212381451778832
103.	25.129929256583274
103.2	25.047556464249386
103.4	24.965642219434535
103.6	24.885937415429012
103.8	24.808369260284007
104.	24.73228069786121
104.2	24.65952696442411
104.4	24.585015364066223
104.6	24.504703426777485
104.8	24.423494494885887
105.	24.342624929612594
105.2	24.25959209939375
105.4	24.17124027642354
105.6	24.079153489017834
105.8	23.9891936550932
106.	23.90173543161895
106.2	23.81520966975751
106.4	23.73187063770447
106.6	23.6500562092169
106.8	23.56952225714827
107.	23.490671466575293
107.2	23.41098485712483
107.4	23.329497087827352
107.6	23.245880493474445
107.8	23.16003939058162
108.	23.069198082589793
108.2	22.976866954447598
108.4	22.887261121081426
108.6	22.79951108130296
108.8	22.71489900574101
109.	22.63209207300295
109.2	22.548413268689394
109.4	22.461946461852737
109.6	22.374721327717193
109.8	22.286585478508243
110.	22.195851389907816
110.2	22.10738639602397
110.4	22.021147944545984
110.6	21.933097833820852
110.8	21.8450446160642
111.	21.758028511459802
111.2	21.669919154787298
111.4	21.584366708526545
111.6	21.50044847868311
111.8	21.41510470028715
112.	21.332460938301086
112.2	21.25270191552664
112.4	21.169292639515245
112.6	21.081934229365242
112.8	20.993733859750087
113.	20.905435160492033
113.2	20.81718906194714
113.4	20.730169560287575
113.6	20.646005710142372
113.8	20.561344296005508
114.	20.478491018215482
114.2	20.399873072611772
114.4	20.317236443136977
114.6	20.228487792611535
114.8	20.137492260987234
115.	20.046947026329963
115.2	19.956001016571474
115.4	19.859981709359285
115.6	19.765266900875233
115.8	19.673882237289675
116.	19.581934053210368
116.2	19.491669800221846
116.4	19.40329990739159
116.6	19.31514951621178
116.8	19.225653645892137
117.	19.137172409992964
117.2	19.048139355254513
117.4	18.960088576471968
117.6	18.875048576659715
117.8	18.791470707959583
118.	18.70781306754664
118.2	18.6206260627029
118.4	18.53167940768603
118.6	18.438948726212303
118.8	18.343274141978146
119.	18.248961179587273
119.2	18.156184260270965
119.4	18.06642082864364
119.6	17.97659133381153
119.8	17.884096087341064
120.	17.791221893380044
120.2	17.6981618004624
120.4	17.60378048515791
120.6	17.508820882455243
120.8	17.411002076952336
121.	17.31112444090554
121.2	17.212810059635306
121.4	17.11375952527397
121.6	17.01436975214115
121.8	16.919361203366535
122.	16.827408850201397
122.2	16.734036504159416
122.4	16.63815046493906
122.6	16.54060029585465
122.8	16.44318671041083
123.	16.34650353978973
123.2	16.247331027364996
123.4	16.145682809640814
123.6	16.045835659423428
123.8	15.945411880363245
124.	15.842713076196278
124.2	15.739702162369664
124.4	15.637347867588364
124.6	15.536292207134537
124.8	15.437848341265124
125.	15.341090797494122
125.2	15.240668446611103
125.4	15.137709759645807
125.6	15.03611379275815
125.8	14.931335605243651
126.	14.822298610828064
126.2	14.715313583869065
126.4	14.611462940054352
126.6	14.510280002764647
126.8	14.411327039605853
127.	14.315484489650727
127.2	14.222568960402594
127.4	14.124225111243389
127.6	14.01894651650044
127.8	13.913040927939884
128.	13.806742258782316
128.2	13.696530267500995
128.4	13.585829430918617
128.6	13.476161544750509
128.8	13.365395593515226
129.	13.260609838581509
129.2	13.159595111516076
129.4	13.058062377735169
129.6	12.957031479967776
129.8	12.85358271970626
130.	12.749066449446376
130.2	12.644049491797993
130.4	12.537637310233828
130.6	12.433264071613713
130.8	12.330272939769072
131.	12.225406963505673
131.2	12.121066682311858
131.4	12.017249532469728
131.6	11.915414492918659
131.8	11.816667366357775
132.	11.719186781970707
132.2	11.620916507298277
132.4	11.519784734283931
132.6	11.417250436712202
132.8	11.316630129692667
133.	11.21907749022086
133.2	11.126043473479365
133.4	11.0353147308989
133.6	10.942199523782605
133.8	10.849146836474302
134.	10.756687660053181
134.2	10.663816372748522
134.4	10.57054030175093
134.6	10.476814249723004
134.8	10.384629432263058
135.	10.291269168199511
135.2	10.195297637785602
135.4	10.098773108164055
135.6	10.000446501142513
135.8	9.899488722673167
136.	9.795340253870858
136.2	9.69006385085265
136.4	9.585708411693659
136.6	9.479842121434379
136.8	9.372614652803549
137.	9.264897070040373
137.2	9.158786377757814
137.4	9.055732399506693
137.6	8.955931004830557
137.8	8.855085763687105
138.	8.750899408465322
138.2	8.645808629846485
138.4	8.541382999596175
138.6	8.438611811075097
138.8	8.334230325633373
139.	8.228103505487681
139.2	8.120190288834845
139.4	8.01482438525281
139.6	7.913651825499376
139.8	7.81239649116097
140.	7.712144853498219
140.2	7.613753512227401
140.4	7.514709453110906
140.6	7.416118897182821
140.8	7.3168302932941724
141.	7.215179702938568
141.2	7.113155593613924
141.4	7.011353698157357
141.6	6.911078287441901
141.8	6.810217588922295
142.	6.7079905856565185
142.2	6.603341666820516
142.4	6.496709944195435
142.6	6.3891353023050605
142.8	6.279809161688142
143.	6.172435961314955
143.2	6.065548619884806
143.4	5.955291752703672
143.6	5.845422103978827
143.8	5.7389638651460535
144.	5.631823574626864
144.2	5.524206200946107
144.4	5.417461854068912
144.6	5.309190542538735
144.8	5.201086418495522
145.	5.09601872062737
145.2	4.991390820429662
145.4	4.884897919569508
145.6	4.776506655952799
145.8	4.664773333364917
146.	4.552274082267125
146.2	4.437806837387132
146.4	4.32231540437624
146.6	4.209567014729858
146.8	4.097642551998431
147.	3.9879434931077133
147.2	3.879468818964031
147.4	3.7694838032193028
147.6	3.658613933059521
147.8	3.544915723184076
148.	3.4284489531616904
148.2	3.3102876590539108
148.4	3.1941154781997714
148.6	3.0781484849508876
148.8	2.9612854182372206
149.	2.844707894854479
149.2	2.7264136089598896
149.4	2.6087486244319344
149.6	2.4924397687445143
149.8	2.379921790508143
150.	2.2697218298322825
150.2	2.1627637300941687
150.4	2.0581741407229477
150.6	1.949156086644325
150.8	1.8380123422898806
151.	1.7262838992624494
151.2	1.611652008220034
151.4	1.495017055533319
151.6	1.379148445092555
151.8	1.2671000626276987
152.	1.1592291630394382
152.2	1.0575914900566505
152.4	0.9587134411343544
152.6	0.8579174595622228
152.8	0.7579349873138117
153.	0.6582158806726421
153.2	0.556008515086175
153.4	0.45246562940402735
153.6	0.3510068008352738
153.8	0.25528856415902657
154.	0.16669640262826535
154.2	0.08347366142115768
154.4	0.008258709631954186
154.6	-0.05674715118737039
154.8	-0.11351425783083484
155.	-0.16756241548150008